
#######################################################################
Please cite the following paper when using nnU-Net:
Isensee, F., Jaeger, P. F., Kohl, S. A., Petersen, J., & Maier-Hein, K. H. (2021). nnU-Net: a self-configuring method for deep learning-based biomedical image segmentation. Nature methods, 18(2), 203-211.
#######################################################################
 

This is the configuration used by this training:
Configuration name: 3d_fullres
 {'data_identifier': 'nnUNetPlans_3d_fullres', 'preprocessor_name': 'DefaultPreprocessor', 'batch_size': 900, 'patch_size': [16, 32, 32], 'median_image_size_in_voxels': [16.0, 32.0, 32.0], 'spacing': [0.6999997496604919, 0.44920000433921814, 0.44920000433921814], 'normalization_schemes': ['NoNormalization'], 'use_mask_for_norm': [False], 'UNet_class_name': 'ResidualEncoderUNetClassifier', 'UNet_base_num_features': 32, 'n_conv_per_stage_encoder': [2, 2, 2, 2], 'n_conv_per_stage_decoder': [2, 2, 2], 'num_pool_per_axis': [2, 3, 3], 'pool_op_kernel_sizes': [[1, 1, 1], [1, 2, 2], [2, 2, 2], [2, 2, 2]], 'conv_kernel_sizes': [[1, 3, 3], [3, 3, 3], [3, 3, 3], [3, 3, 3]], 'unet_max_num_features': 512, 'resampling_fn_data': 'resample_data_or_seg_to_shape', 'resampling_fn_seg': 'resample_data_or_seg_to_shape', 'resampling_fn_data_kwargs': {'is_seg': False, 'order': 3, 'order_z': 0, 'force_separate_z': None}, 'resampling_fn_seg_kwargs': {'is_seg': True, 'order': 1, 'order_z': 0, 'force_separate_z': None}, 'resampling_fn_probabilities': 'resample_data_or_seg_to_shape', 'resampling_fn_probabilities_kwargs': {'is_seg': False, 'order': 1, 'order_z': 0, 'force_separate_z': None}, 'batch_dice': False} 
 
These are the global plan.json settings:
 {'dataset_name': 'Dataset080_DeepAneurysm', 'plans_name': 'nnUNetPlans', 'original_median_spacing_after_transp': [0.6999997496604919, 0.44920000433921814, 0.44920000433921814], 'original_median_shape_after_transp': [133, 512, 512], 'image_reader_writer': 'SimpleITKIO', 'transpose_forward': [0, 1, 2], 'transpose_backward': [0, 1, 2], 'experiment_planner_used': 'ExperimentPlanner', 'label_manager': 'LabelManager', 'foreground_intensity_properties_per_channel': {'0': {'max': 3.198979616165161, 'mean': 0.7366887643438168, 'median': 0.6796993017196655, 'min': -0.02173912525177002, 'percentile_00_5': 0.10982628911733627, 'percentile_99_5': 1.914076566696167, 'std': 0.36197441199421027}}} 
 
2025-07-12 21:40:15.237966: unpacking dataset... 
2025-07-12 21:40:17.024116: unpacking done... 
2025-07-12 21:40:17.025246: do_dummy_2d_data_aug: False 
2025-07-12 21:40:17.029628: Using splits from existing split file: /tmp/nnUNet_preprocessed/Dataset080_DeepAneurysm/splits_final.json 
2025-07-12 21:40:17.091127: The split file contains 100 splits. 
2025-07-12 21:40:17.091322: Desired fold for training: 35 
2025-07-12 21:40:17.091388: This split has 2671 training and 445 validation cases. 
2025-07-12 21:40:59.287619: Unable to plot network architecture: 
2025-07-12 21:40:59.287769: module 'torch.jit' has no attribute 'get_trace_graph' 
2025-07-12 21:40:59.382524:  
2025-07-12 21:40:59.382655: Epoch 0 
2025-07-12 21:40:59.382832: Current learning rate: 0.001 
2025-07-12 21:54:55.306914: train_loss 0.5977 
2025-07-12 21:54:55.307255: train_seg_loss 0.1401 
2025-07-12 21:54:55.307365: train_cls_loss 0.4576 
2025-07-12 21:54:55.307456: train_ce_loss 0.017 
2025-07-12 21:54:55.307536: train_dice_loss 0.1231 
2025-07-12 21:54:55.307609: train_dice_loss0 0.1175 
2025-07-12 21:54:55.307683: train_dice_loss1 0.121 
2025-07-12 21:54:55.307754: train_dice_loss2 0.1494 
2025-07-12 21:54:55.307826: train_dice_loss3 0.0 
2025-07-12 21:54:55.307899: train_fake_dice_loss 0.1171 
2025-07-12 21:54:55.307973: val_loss 0.3774 
2025-07-12 21:54:55.308046: val_seg_loss 0.1646 
2025-07-12 21:54:55.308116: val_cls_loss 0.2128 
2025-07-12 21:54:55.308186: val_ce_loss 0.024 
2025-07-12 21:54:55.308258: val_dice_loss 0.1406 
2025-07-12 21:54:55.308328: val_dice_loss0 0.1392 
2025-07-12 21:54:55.329540: val_dice_loss1 0.1416 
2025-07-12 21:54:55.329734: val_dice_loss2 0.1444 
2025-07-12 21:54:55.329827: val_dice_loss3 0.0 
2025-07-12 21:54:55.329907: val_fake_dice_loss 0.1368 
2025-07-12 21:54:55.329994: train Pseudo dice [0.8841] 
2025-07-12 21:54:55.330083: train deep_supervision dice0 0.8861 
2025-07-12 21:54:55.330158: train deep_supervision dice1 0.8851 
2025-07-12 21:54:55.330229: train deep_supervision dice2 0.8656 
2025-07-12 21:54:55.330298: train deep_supervision dice3 0.0 
2025-07-12 21:54:55.330368: val Pseudo dice [0.637] 
2025-07-12 21:54:55.330453: val deep_supervision dice0 0.8622 
2025-07-12 21:54:55.330530: val deep_supervision dice1 0.8627 
2025-07-12 21:54:55.330600: val deep_supervision dice2 0.8681 
2025-07-12 21:54:55.330668: val deep_supervision dice3 0.0 
2025-07-12 21:54:55.330736: train_accuracy 0.8107 
2025-07-12 21:54:55.330804: train_sensitivity 0.886 
2025-07-12 21:54:55.330870: train_specificity 0.667 
2025-07-12 21:54:55.330937: val_accuracy 0.9019 
2025-07-12 21:54:55.331004: val_sensitivity 0.59 
2025-07-12 21:54:55.331069: val_specificity 0.9452 
2025-07-12 21:54:55.331149: Epoch time: 835.95 s 
2025-07-12 21:54:55.656563: Yayy! New best val EMA pseudo Dice: 0.637 
2025-07-12 21:55:05.057004:  
2025-07-12 21:55:05.057214: Epoch 1 
2025-07-12 21:55:05.057332: Current learning rate: 0.001 
2025-07-12 22:05:59.390082: train_loss 0.3908 
2025-07-12 22:05:59.390360: train_seg_loss 0.1438 
2025-07-12 22:05:59.390472: train_cls_loss 0.247 
2025-07-12 22:05:59.390557: train_ce_loss 0.0174 
2025-07-12 22:05:59.390635: train_dice_loss 0.1264 
2025-07-12 22:05:59.390709: train_dice_loss0 0.1207 
2025-07-12 22:05:59.390782: train_dice_loss1 0.1243 
2025-07-12 22:05:59.390855: train_dice_loss2 0.1535 
2025-07-12 22:05:59.390928: train_dice_loss3 0.0 
2025-07-12 22:05:59.391001: train_fake_dice_loss 0.1205 
2025-07-12 22:05:59.391075: val_loss 0.4398 
2025-07-12 22:05:59.391148: val_seg_loss 0.1614 
2025-07-12 22:05:59.391220: val_cls_loss 0.2785 
2025-07-12 22:05:59.391292: val_ce_loss 0.0258 
2025-07-12 22:05:59.391364: val_dice_loss 0.1356 
2025-07-12 22:05:59.413460: val_dice_loss0 0.1353 
2025-07-12 22:05:59.413710: val_dice_loss1 0.1356 
2025-07-12 22:05:59.413798: val_dice_loss2 0.1366 
2025-07-12 22:05:59.413872: val_dice_loss3 0.0 
2025-07-12 22:05:59.413941: val_fake_dice_loss 0.1328 
2025-07-12 22:05:59.414012: train Pseudo dice [0.8821] 
2025-07-12 22:05:59.414085: train deep_supervision dice0 0.8829 
2025-07-12 22:05:59.414154: train deep_supervision dice1 0.8816 
2025-07-12 22:05:59.414220: train deep_supervision dice2 0.8613 
2025-07-12 22:05:59.414286: train deep_supervision dice3 0.0 
2025-07-12 22:05:59.414353: val Pseudo dice [0.6564] 
2025-07-12 22:05:59.414422: val deep_supervision dice0 0.8661 
2025-07-12 22:05:59.414498: val deep_supervision dice1 0.8671 
2025-07-12 22:05:59.414564: val deep_supervision dice2 0.8715 
2025-07-12 22:05:59.414628: val deep_supervision dice3 0.0 
2025-07-12 22:05:59.414691: train_accuracy 0.9054 
2025-07-12 22:05:59.414755: train_sensitivity 0.9505 
2025-07-12 22:05:59.414818: train_specificity 0.8191 
2025-07-12 22:05:59.414882: val_accuracy 0.8959 
2025-07-12 22:05:59.414946: val_sensitivity 0.5763 
2025-07-12 22:05:59.415008: val_specificity 0.9391 
2025-07-12 22:05:59.415083: Epoch time: 654.33 s 
2025-07-12 22:05:59.671117: Yayy! New best val EMA pseudo Dice: 0.639 
2025-07-12 22:06:10.999801:  
2025-07-12 22:06:11.000007: Epoch 2 
2025-07-12 22:06:11.000125: Current learning rate: 0.001 
2025-07-12 22:18:03.982111: train_loss 0.2842 
2025-07-12 22:18:03.982390: train_seg_loss 0.1435 
2025-07-12 22:18:03.982497: train_cls_loss 0.1407 
2025-07-12 22:18:03.982579: train_ce_loss 0.0173 
2025-07-12 22:18:03.982655: train_dice_loss 0.1262 
2025-07-12 22:18:03.982728: train_dice_loss0 0.1203 
2025-07-12 22:18:03.982799: train_dice_loss1 0.1241 
2025-07-12 22:18:03.982870: train_dice_loss2 0.1538 
2025-07-12 22:18:03.982941: train_dice_loss3 0.0 
2025-07-12 22:18:03.983013: train_fake_dice_loss 0.1204 
2025-07-12 22:18:03.983087: val_loss 0.4972 
2025-07-12 22:18:03.983159: val_seg_loss 0.1711 
2025-07-12 22:18:03.983229: val_cls_loss 0.326 
2025-07-12 22:18:03.983304: val_ce_loss 0.0297 
2025-07-12 22:18:03.983373: val_dice_loss 0.1414 
2025-07-12 22:18:03.983449: val_dice_loss0 0.1412 
2025-07-12 22:18:03.983520: val_dice_loss1 0.1416 
2025-07-12 22:18:03.983588: val_dice_loss2 0.1419 
2025-07-12 22:18:03.983655: val_dice_loss3 0.0 
2025-07-12 22:18:03.983722: val_fake_dice_loss 0.139 
2025-07-12 22:18:03.983793: train Pseudo dice [0.8824] 
2025-07-12 22:18:03.983867: train deep_supervision dice0 0.8832 
2025-07-12 22:18:03.983937: train deep_supervision dice1 0.8818 
2025-07-12 22:18:03.984006: train deep_supervision dice2 0.8607 
2025-07-12 22:18:03.984073: train deep_supervision dice3 0.0 
2025-07-12 22:18:03.984141: val Pseudo dice [0.6241] 
2025-07-12 22:18:03.984211: val deep_supervision dice0 0.8602 
2025-07-12 22:18:03.984279: val deep_supervision dice1 0.8608 
2025-07-12 22:18:03.984355: val deep_supervision dice2 0.8647 
2025-07-12 22:18:03.984422: val deep_supervision dice3 0.0 
2025-07-12 22:18:03.984504: train_accuracy 0.9486 
2025-07-12 22:18:03.984571: train_sensitivity 0.9632 
2025-07-12 22:18:03.984638: train_specificity 0.9209 
2025-07-12 22:18:03.984704: val_accuracy 0.8966 
2025-07-12 22:18:03.984770: val_sensitivity 0.6278 
2025-07-12 22:18:03.984836: val_specificity 0.9337 
2025-07-12 22:18:03.984918: Epoch time: 712.98 s 
2025-07-12 22:18:13.610713:  
2025-07-12 22:18:13.610921: Epoch 3 
2025-07-12 22:18:13.611038: Current learning rate: 0.001 
2025-07-12 22:30:07.438092: train_loss 0.2617 
2025-07-12 22:30:07.438369: train_seg_loss 0.1499 
2025-07-12 22:30:07.438490: train_cls_loss 0.1118 
2025-07-12 22:30:07.438575: train_ce_loss 0.0183 
2025-07-12 22:30:07.438653: train_dice_loss 0.1315 
2025-07-12 22:30:07.438745: train_dice_loss0 0.1257 
2025-07-12 22:30:07.438817: train_dice_loss1 0.1294 
2025-07-12 22:30:07.438888: train_dice_loss2 0.1594 
2025-07-12 22:30:07.438960: train_dice_loss3 0.0 
2025-07-12 22:30:07.439034: train_fake_dice_loss 0.1255 
2025-07-12 22:30:07.439109: val_loss 0.5156 
2025-07-12 22:30:07.439181: val_seg_loss 0.1647 
2025-07-12 22:30:07.439252: val_cls_loss 0.3509 
2025-07-12 22:30:07.439323: val_ce_loss 0.0286 
2025-07-12 22:30:07.439395: val_dice_loss 0.136 
2025-07-12 22:30:07.439477: val_dice_loss0 0.1359 
2025-07-12 22:30:07.439551: val_dice_loss1 0.1362 
2025-07-12 22:30:07.439622: val_dice_loss2 0.1364 
2025-07-12 22:30:07.439693: val_dice_loss3 0.0 
2025-07-12 22:30:07.439764: val_fake_dice_loss 0.1339 
2025-07-12 22:30:07.439837: train Pseudo dice [0.8779] 
2025-07-12 22:30:07.439913: train deep_supervision dice0 0.8781 
2025-07-12 22:30:07.439986: train deep_supervision dice1 0.8767 
2025-07-12 22:30:07.440057: train deep_supervision dice2 0.8556 
2025-07-12 22:30:07.440126: train deep_supervision dice3 0.0 
2025-07-12 22:30:07.440197: val Pseudo dice [0.6446] 
2025-07-12 22:30:07.440272: val deep_supervision dice0 0.8655 
2025-07-12 22:30:07.440343: val deep_supervision dice1 0.8661 
2025-07-12 22:30:07.440413: val deep_supervision dice2 0.8688 
2025-07-12 22:30:07.440491: val deep_supervision dice3 0.0 
2025-07-12 22:30:07.440562: train_accuracy 0.9585 
2025-07-12 22:30:07.440631: train_sensitivity 0.9689 
2025-07-12 22:30:07.440700: train_specificity 0.9392 
2025-07-12 22:30:07.440768: val_accuracy 0.8939 
2025-07-12 22:30:07.440837: val_sensitivity 0.5955 
2025-07-12 22:30:07.440906: val_specificity 0.9351 
2025-07-12 22:30:07.440987: Epoch time: 713.83 s 
2025-07-12 22:30:16.567439:  
2025-07-12 22:30:16.567642: Epoch 4 
2025-07-12 22:30:16.567751: Current learning rate: 0.001 
2025-07-12 22:42:05.575316: train_loss 0.2451 
2025-07-12 22:42:05.575600: train_seg_loss 0.1481 
2025-07-12 22:42:05.575702: train_cls_loss 0.097 
2025-07-12 22:42:05.575784: train_ce_loss 0.018 
2025-07-12 22:42:05.575863: train_dice_loss 0.1302 
2025-07-12 22:42:05.575938: train_dice_loss0 0.1244 
2025-07-12 22:42:05.576011: train_dice_loss1 0.128 
2025-07-12 22:42:05.576084: train_dice_loss2 0.1576 
2025-07-12 22:42:05.576155: train_dice_loss3 0.0 
2025-07-12 22:42:05.576230: train_fake_dice_loss 0.1242 
2025-07-12 22:42:05.576305: val_loss 0.5319 
2025-07-12 22:42:05.576377: val_seg_loss 0.1627 
2025-07-12 22:42:05.576454: val_cls_loss 0.3692 
2025-07-12 22:42:05.576528: val_ce_loss 0.0249 
2025-07-12 22:42:05.576599: val_dice_loss 0.1379 
2025-07-12 22:42:05.576669: val_dice_loss0 0.1373 
2025-07-12 22:42:05.576739: val_dice_loss1 0.138 
2025-07-12 22:42:05.576808: val_dice_loss2 0.14 
2025-07-12 22:42:05.576878: val_dice_loss3 0.0 
2025-07-12 22:42:05.576947: val_fake_dice_loss 0.1347 
2025-07-12 22:42:05.577020: train Pseudo dice [0.8788] 
2025-07-12 22:42:05.577096: train deep_supervision dice0 0.8793 
2025-07-12 22:42:05.577168: train deep_supervision dice1 0.878 
2025-07-12 22:42:05.577239: train deep_supervision dice2 0.8571 
2025-07-12 22:42:05.577307: train deep_supervision dice3 0.0 
2025-07-12 22:42:05.577378: val Pseudo dice [0.6485] 
2025-07-12 22:42:05.577457: val deep_supervision dice0 0.8644 
2025-07-12 22:42:05.577530: val deep_supervision dice1 0.8654 
2025-07-12 22:42:05.577600: val deep_supervision dice2 0.8686 
2025-07-12 22:42:05.577668: val deep_supervision dice3 0.0 
2025-07-12 22:42:05.577738: train_accuracy 0.9641 
2025-07-12 22:42:05.577807: train_sensitivity 0.9721 
2025-07-12 22:42:05.577875: train_specificity 0.949 
2025-07-12 22:42:05.577943: val_accuracy 0.8948 
2025-07-12 22:42:05.578011: val_sensitivity 0.6284 
2025-07-12 22:42:05.578080: val_specificity 0.9315 
2025-07-12 22:42:05.578160: Epoch time: 709.01 s 
2025-07-12 22:42:05.795150: Yayy! New best val EMA pseudo Dice: 0.6392 
2025-07-12 22:42:16.054765:  
2025-07-12 22:42:16.054975: Epoch 5 
2025-07-12 22:42:16.055094: Current learning rate: 0.001 
2025-07-12 22:54:12.494355: train_loss 0.231 
2025-07-12 22:54:12.494641: train_seg_loss 0.1452 
2025-07-12 22:54:12.494747: train_cls_loss 0.0858 
2025-07-12 22:54:12.494829: train_ce_loss 0.0176 
2025-07-12 22:54:12.494904: train_dice_loss 0.1276 
2025-07-12 22:54:12.494977: train_dice_loss0 0.1217 
2025-07-12 22:54:12.495049: train_dice_loss1 0.1254 
2025-07-12 22:54:12.495120: train_dice_loss2 0.1555 
2025-07-12 22:54:12.495191: train_dice_loss3 0.0 
2025-07-12 22:54:12.495264: train_fake_dice_loss 0.1217 
2025-07-12 22:54:12.495336: val_loss 0.5431 
2025-07-12 22:54:12.495407: val_seg_loss 0.1599 
2025-07-12 22:54:12.495488: val_cls_loss 0.3832 
2025-07-12 22:54:12.495560: val_ce_loss 0.0232 
2025-07-12 22:54:12.495631: val_dice_loss 0.1367 
2025-07-12 22:54:12.495700: val_dice_loss0 0.136 
2025-07-12 22:54:12.495770: val_dice_loss1 0.1373 
2025-07-12 22:54:12.495839: val_dice_loss2 0.1387 
2025-07-12 22:54:12.495909: val_dice_loss3 0.0 
2025-07-12 22:54:12.495978: val_fake_dice_loss 0.1331 
2025-07-12 22:54:12.496050: train Pseudo dice [0.8803] 
2025-07-12 22:54:12.496124: train deep_supervision dice0 0.8819 
2025-07-12 22:54:12.496196: train deep_supervision dice1 0.8807 
2025-07-12 22:54:12.496267: train deep_supervision dice2 0.8593 
2025-07-12 22:54:12.496336: train deep_supervision dice3 0.0 
2025-07-12 22:54:12.496408: val Pseudo dice [0.6327] 
2025-07-12 22:54:12.496499: val deep_supervision dice0 0.8657 
2025-07-12 22:54:12.496571: val deep_supervision dice1 0.8666 
2025-07-12 22:54:12.496641: val deep_supervision dice2 0.8721 
2025-07-12 22:54:12.496709: val deep_supervision dice3 0.0 
2025-07-12 22:54:12.496778: train_accuracy 0.9685 
2025-07-12 22:54:12.496847: train_sensitivity 0.9746 
2025-07-12 22:54:12.496915: train_specificity 0.9569 
2025-07-12 22:54:12.496982: val_accuracy 0.8985 
2025-07-12 22:54:12.497050: val_sensitivity 0.6584 
2025-07-12 22:54:12.497117: val_specificity 0.931 
2025-07-12 22:54:12.497196: Epoch time: 716.44 s 
2025-07-12 22:54:23.839475:  
2025-07-12 22:54:23.839700: Epoch 6 
2025-07-12 22:54:23.839818: Current learning rate: 0.001 
2025-07-12 23:06:13.659921: train_loss 0.223 
2025-07-12 23:06:13.660182: train_seg_loss 0.1441 
2025-07-12 23:06:13.660282: train_cls_loss 0.0789 
2025-07-12 23:06:13.660363: train_ce_loss 0.0174 
2025-07-12 23:06:13.660447: train_dice_loss 0.1267 
2025-07-12 23:06:13.660527: train_dice_loss0 0.1209 
2025-07-12 23:06:13.673555: train_dice_loss1 0.1246 
2025-07-12 23:06:13.673757: train_dice_loss2 0.154 
2025-07-12 23:06:13.673848: train_dice_loss3 0.0 
2025-07-12 23:06:13.673930: train_fake_dice_loss 0.1209 
2025-07-12 23:06:13.674008: val_loss 0.5789 
2025-07-12 23:06:13.674083: val_seg_loss 0.1621 
2025-07-12 23:06:13.674155: val_cls_loss 0.4168 
2025-07-12 23:06:13.674226: val_ce_loss 0.0259 
2025-07-12 23:06:13.674299: val_dice_loss 0.1362 
2025-07-12 23:06:13.674372: val_dice_loss0 0.1357 
2025-07-12 23:06:13.674450: val_dice_loss1 0.1361 
2025-07-12 23:06:13.674529: val_dice_loss2 0.1381 
2025-07-12 23:06:13.674600: val_dice_loss3 0.0 
2025-07-12 23:06:13.674672: val_fake_dice_loss 0.1331 
2025-07-12 23:06:13.674746: train Pseudo dice [0.8822] 
2025-07-12 23:06:13.674824: train deep_supervision dice0 0.8827 
2025-07-12 23:06:13.674897: train deep_supervision dice1 0.8815 
2025-07-12 23:06:13.674971: train deep_supervision dice2 0.8602 
2025-07-12 23:06:13.675041: train deep_supervision dice3 0.0 
2025-07-12 23:06:13.675112: val Pseudo dice [0.6342] 
2025-07-12 23:06:13.675187: val deep_supervision dice0 0.866 
2025-07-12 23:06:13.675259: val deep_supervision dice1 0.8669 
2025-07-12 23:06:13.675331: val deep_supervision dice2 0.8704 
2025-07-12 23:06:13.675401: val deep_supervision dice3 0.0 
2025-07-12 23:06:13.675482: train_accuracy 0.9708 
2025-07-12 23:06:13.675554: train_sensitivity 0.9764 
2025-07-12 23:06:13.675623: train_specificity 0.9604 
2025-07-12 23:06:13.675692: val_accuracy 0.8961 
2025-07-12 23:06:13.675760: val_sensitivity 0.6503 
2025-07-12 23:06:13.675828: val_specificity 0.93 
2025-07-12 23:06:13.675910: Epoch time: 709.82 s 
2025-07-12 23:06:23.113595:  
2025-07-12 23:06:23.114326: Epoch 7 
2025-07-12 23:06:23.114465: Current learning rate: 0.001 
2025-07-12 23:18:14.092006: train_loss 0.2189 
2025-07-12 23:18:14.092278: train_seg_loss 0.1442 
2025-07-12 23:18:14.092379: train_cls_loss 0.0747 
2025-07-12 23:18:14.092466: train_ce_loss 0.0176 
2025-07-12 23:18:14.092541: train_dice_loss 0.1266 
2025-07-12 23:18:14.092611: train_dice_loss0 0.1207 
2025-07-12 23:18:14.092680: train_dice_loss1 0.1244 
2025-07-12 23:18:14.092747: train_dice_loss2 0.1545 
2025-07-12 23:18:14.092815: train_dice_loss3 0.0 
2025-07-12 23:18:14.092882: train_fake_dice_loss 0.1207 
2025-07-12 23:18:14.092950: val_loss 0.5551 
2025-07-12 23:18:14.093017: val_seg_loss 0.1656 
2025-07-12 23:18:14.093083: val_cls_loss 0.3895 
2025-07-12 23:18:14.093148: val_ce_loss 0.0286 
2025-07-12 23:18:14.093214: val_dice_loss 0.137 
2025-07-12 23:18:14.093280: val_dice_loss0 0.1368 
2025-07-12 23:18:14.093346: val_dice_loss1 0.1375 
2025-07-12 23:18:14.093412: val_dice_loss2 0.1371 
2025-07-12 23:18:14.093495: val_dice_loss3 0.0 
2025-07-12 23:18:14.093562: val_fake_dice_loss 0.1349 
2025-07-12 23:18:14.093629: train Pseudo dice [0.8811] 
2025-07-12 23:18:14.093701: train deep_supervision dice0 0.8829 
2025-07-12 23:18:14.093769: train deep_supervision dice1 0.8817 
2025-07-12 23:18:14.093835: train deep_supervision dice2 0.86 
2025-07-12 23:18:14.093900: train deep_supervision dice3 0.0 
2025-07-12 23:18:14.093967: val Pseudo dice [0.6355] 
2025-07-12 23:18:14.094037: val deep_supervision dice0 0.8643 
2025-07-12 23:18:14.094104: val deep_supervision dice1 0.8646 
2025-07-12 23:18:14.094171: val deep_supervision dice2 0.8688 
2025-07-12 23:18:14.094235: val deep_supervision dice3 0.0 
2025-07-12 23:18:14.094299: train_accuracy 0.9723 
2025-07-12 23:18:14.094363: train_sensitivity 0.9772 
2025-07-12 23:18:14.094428: train_specificity 0.9632 
2025-07-12 23:18:14.094505: val_accuracy 0.8964 
2025-07-12 23:18:14.094569: val_sensitivity 0.6568 
2025-07-12 23:18:14.094632: val_specificity 0.9296 
2025-07-12 23:18:14.094706: Epoch time: 710.98 s 
2025-07-12 23:18:23.752799:  
2025-07-12 23:18:23.753018: Epoch 8 
2025-07-12 23:18:23.753134: Current learning rate: 0.001 
2025-07-12 23:30:15.509154: train_loss 0.2142 
2025-07-12 23:30:15.509423: train_seg_loss 0.1437 
2025-07-12 23:30:15.509531: train_cls_loss 0.0705 
2025-07-12 23:30:15.509612: train_ce_loss 0.0176 
2025-07-12 23:30:15.509687: train_dice_loss 0.1261 
2025-07-12 23:30:15.509761: train_dice_loss0 0.1203 
2025-07-12 23:30:15.509832: train_dice_loss1 0.1239 
2025-07-12 23:30:15.509903: train_dice_loss2 0.1537 
2025-07-12 23:30:15.509973: train_dice_loss3 0.0 
2025-07-12 23:30:15.510046: train_fake_dice_loss 0.1202 
2025-07-12 23:30:15.510119: val_loss 0.5564 
2025-07-12 23:30:15.510191: val_seg_loss 0.158 
2025-07-12 23:30:15.510263: val_cls_loss 0.3984 
2025-07-12 23:30:15.510333: val_ce_loss 0.0238 
2025-07-12 23:30:15.510404: val_dice_loss 0.1342 
2025-07-12 23:30:15.510489: val_dice_loss0 0.1337 
2025-07-12 23:30:15.510561: val_dice_loss1 0.1342 
2025-07-12 23:30:15.510630: val_dice_loss2 0.1359 
2025-07-12 23:30:15.510699: val_dice_loss3 0.0 
2025-07-12 23:30:15.510767: val_fake_dice_loss 0.1314 
2025-07-12 23:30:15.510839: train Pseudo dice [0.8821] 
2025-07-12 23:30:15.510917: train deep_supervision dice0 0.8834 
2025-07-12 23:30:15.510988: train deep_supervision dice1 0.8822 
2025-07-12 23:30:15.511057: train deep_supervision dice2 0.8607 
2025-07-12 23:30:15.511126: train deep_supervision dice3 0.0 
2025-07-12 23:30:15.511196: val Pseudo dice [0.6542] 
2025-07-12 23:30:15.511270: val deep_supervision dice0 0.8678 
2025-07-12 23:30:15.511341: val deep_supervision dice1 0.8686 
2025-07-12 23:30:15.511410: val deep_supervision dice2 0.8721 
2025-07-12 23:30:15.511485: val deep_supervision dice3 0.0 
2025-07-12 23:30:15.511553: train_accuracy 0.9739 
2025-07-12 23:30:15.511622: train_sensitivity 0.9779 
2025-07-12 23:30:15.511690: train_specificity 0.9666 
2025-07-12 23:30:15.511758: val_accuracy 0.8964 
2025-07-12 23:30:15.511827: val_sensitivity 0.6761 
2025-07-12 23:30:15.511895: val_specificity 0.9274 
2025-07-12 23:30:15.511974: Epoch time: 711.76 s 
2025-07-12 23:30:15.706452: Yayy! New best val EMA pseudo Dice: 0.6395 
2025-07-12 23:30:25.481905:  
2025-07-12 23:30:25.482117: Epoch 9 
2025-07-12 23:30:25.482234: Current learning rate: 0.001 
2025-07-12 23:42:21.878033: train_loss 0.2105 
2025-07-12 23:42:21.878294: train_seg_loss 0.1422 
2025-07-12 23:42:21.878391: train_cls_loss 0.0683 
2025-07-12 23:42:21.899611: train_ce_loss 0.0174 
2025-07-12 23:42:21.899774: train_dice_loss 0.1248 
2025-07-12 23:42:21.899878: train_dice_loss0 0.119 
2025-07-12 23:42:21.899954: train_dice_loss1 0.1227 
2025-07-12 23:42:21.900027: train_dice_loss2 0.1523 
2025-07-12 23:42:21.900099: train_dice_loss3 0.0 
2025-07-12 23:42:21.900172: train_fake_dice_loss 0.1191 
2025-07-12 23:42:21.900245: val_loss 0.5519 
2025-07-12 23:42:21.900317: val_seg_loss 0.1611 
2025-07-12 23:42:21.900389: val_cls_loss 0.3908 
2025-07-12 23:42:21.900471: val_ce_loss 0.0248 
2025-07-12 23:42:21.900547: val_dice_loss 0.1363 
2025-07-12 23:42:21.900619: val_dice_loss0 0.1359 
2025-07-12 23:42:21.900688: val_dice_loss1 0.1364 
2025-07-12 23:42:21.900758: val_dice_loss2 0.1376 
2025-07-12 23:42:21.900827: val_dice_loss3 0.0 
2025-07-12 23:42:21.900895: val_fake_dice_loss 0.1333 
2025-07-12 23:42:21.900968: train Pseudo dice [0.883] 
2025-07-12 23:42:21.901044: train deep_supervision dice0 0.8845 
2025-07-12 23:42:21.901116: train deep_supervision dice1 0.8833 
2025-07-12 23:42:21.901186: train deep_supervision dice2 0.8621 
2025-07-12 23:42:21.901254: train deep_supervision dice3 0.0 
2025-07-12 23:42:21.901325: val Pseudo dice [0.642] 
2025-07-12 23:42:21.901397: val deep_supervision dice0 0.8657 
2025-07-12 23:42:21.901482: val deep_supervision dice1 0.8665 
2025-07-12 23:42:21.901553: val deep_supervision dice2 0.8707 
2025-07-12 23:42:21.901622: val deep_supervision dice3 0.0 
2025-07-12 23:42:21.901690: train_accuracy 0.975 
2025-07-12 23:42:21.901759: train_sensitivity 0.9787 
2025-07-12 23:42:21.901827: train_specificity 0.9682 
2025-07-12 23:42:21.901894: val_accuracy 0.8999 
2025-07-12 23:42:21.901963: val_sensitivity 0.6732 
2025-07-12 23:42:21.902030: val_specificity 0.9318 
2025-07-12 23:42:21.902109: Epoch time: 716.4 s 
2025-07-12 23:42:22.180288: Yayy! New best val EMA pseudo Dice: 0.6398 
2025-07-12 23:42:32.119290:  
2025-07-12 23:42:32.119509: Epoch 10 
2025-07-12 23:42:32.119627: Current learning rate: 0.001 
2025-07-12 23:54:21.511407: train_loss 0.21 
2025-07-12 23:54:21.511677: train_seg_loss 0.1437 
2025-07-12 23:54:21.511777: train_cls_loss 0.0663 
2025-07-12 23:54:21.511858: train_ce_loss 0.0175 
2025-07-12 23:54:21.511935: train_dice_loss 0.1261 
2025-07-12 23:54:21.512008: train_dice_loss0 0.1204 
2025-07-12 23:54:21.512081: train_dice_loss1 0.1239 
2025-07-12 23:54:21.512155: train_dice_loss2 0.1537 
2025-07-12 23:54:21.512227: train_dice_loss3 0.0 
2025-07-12 23:54:21.512302: train_fake_dice_loss 0.1203 
2025-07-12 23:54:21.512376: val_loss 0.5671 
2025-07-12 23:54:21.512457: val_seg_loss 0.1648 
2025-07-12 23:54:21.512533: val_cls_loss 0.4023 
2025-07-12 23:54:21.512605: val_ce_loss 0.0268 
2025-07-12 23:54:21.512676: val_dice_loss 0.138 
2025-07-12 23:54:21.512748: val_dice_loss0 0.1377 
2025-07-12 23:54:21.512819: val_dice_loss1 0.1383 
2025-07-12 23:54:21.512889: val_dice_loss2 0.1386 
2025-07-12 23:54:21.512959: val_dice_loss3 0.0 
2025-07-12 23:54:21.513029: val_fake_dice_loss 0.1352 
2025-07-12 23:54:21.513101: train Pseudo dice [0.8818] 
2025-07-12 23:54:21.513178: train deep_supervision dice0 0.8832 
2025-07-12 23:54:21.513249: train deep_supervision dice1 0.8821 
2025-07-12 23:54:21.513320: train deep_supervision dice2 0.861 
2025-07-12 23:54:21.513390: train deep_supervision dice3 0.0 
2025-07-12 23:54:21.513476: val Pseudo dice [0.6342] 
2025-07-12 23:54:21.513552: val deep_supervision dice0 0.8638 
2025-07-12 23:54:21.513623: val deep_supervision dice1 0.8645 
2025-07-12 23:54:21.513693: val deep_supervision dice2 0.8691 
2025-07-12 23:54:21.513761: val deep_supervision dice3 0.0 
2025-07-12 23:54:21.513829: train_accuracy 0.9757 
2025-07-12 23:54:21.513898: train_sensitivity 0.9791 
2025-07-12 23:54:21.513966: train_specificity 0.9694 
2025-07-12 23:54:21.514035: val_accuracy 0.8947 
2025-07-12 23:54:21.514103: val_sensitivity 0.6075 
2025-07-12 23:54:21.514172: val_specificity 0.935 
2025-07-12 23:54:21.514253: Epoch time: 709.39 s 
2025-07-12 23:54:33.036515:  
2025-07-12 23:54:33.036729: Epoch 11 
2025-07-12 23:54:33.036845: Current learning rate: 0.001 
2025-07-13 00:06:25.955079: train_loss 0.216 
2025-07-13 00:06:25.955353: train_seg_loss 0.148 
2025-07-13 00:06:25.955460: train_cls_loss 0.0681 
2025-07-13 00:06:25.955544: train_ce_loss 0.0178 
2025-07-13 00:06:25.955620: train_dice_loss 0.1302 
2025-07-13 00:06:25.955695: train_dice_loss0 0.1242 
2025-07-13 00:06:25.955768: train_dice_loss1 0.128 
2025-07-13 00:06:25.955839: train_dice_loss2 0.1585 
2025-07-13 00:06:25.955911: train_dice_loss3 0.0 
2025-07-13 00:06:25.955984: train_fake_dice_loss 0.1242 
2025-07-13 00:06:25.956058: val_loss 0.5834 
2025-07-13 00:06:25.956129: val_seg_loss 0.1615 
2025-07-13 00:06:25.956200: val_cls_loss 0.422 
2025-07-13 00:06:25.956270: val_ce_loss 0.0256 
2025-07-13 00:06:25.956339: val_dice_loss 0.1359 
2025-07-13 00:06:25.962828: val_dice_loss0 0.1356 
2025-07-13 00:06:25.962935: val_dice_loss1 0.1363 
2025-07-13 00:06:25.963016: val_dice_loss2 0.1363 
2025-07-13 00:06:25.963090: val_dice_loss3 0.0 
2025-07-13 00:06:25.963164: val_fake_dice_loss 0.1333 
2025-07-13 00:06:25.963239: train Pseudo dice [0.879] 
2025-07-13 00:06:25.963321: train deep_supervision dice0 0.8794 
2025-07-13 00:06:25.963395: train deep_supervision dice1 0.8781 
2025-07-13 00:06:25.963477: train deep_supervision dice2 0.8564 
2025-07-13 00:06:25.963549: train deep_supervision dice3 0.0 
2025-07-13 00:06:25.963620: val Pseudo dice [0.6479] 
2025-07-13 00:06:25.963694: val deep_supervision dice0 0.8657 
2025-07-13 00:06:25.963764: val deep_supervision dice1 0.8665 
2025-07-13 00:06:25.963835: val deep_supervision dice2 0.8709 
2025-07-13 00:06:25.963904: val deep_supervision dice3 0.0 
2025-07-13 00:06:25.963972: train_accuracy 0.9749 
2025-07-13 00:06:25.964041: train_sensitivity 0.9782 
2025-07-13 00:06:25.964110: train_specificity 0.9687 
2025-07-13 00:06:25.964177: val_accuracy 0.8943 
2025-07-13 00:06:25.964245: val_sensitivity 0.7131 
2025-07-13 00:06:25.964314: val_specificity 0.9191 
2025-07-13 00:06:25.964393: Epoch time: 712.92 s 
2025-07-13 00:06:26.169239: Yayy! New best val EMA pseudo Dice: 0.6401 
2025-07-13 00:06:37.524348:  
2025-07-13 00:06:37.524561: Epoch 12 
2025-07-13 00:06:37.524673: Current learning rate: 0.001 
2025-07-13 00:18:26.195844: train_loss 0.208 
2025-07-13 00:18:26.196115: train_seg_loss 0.1449 
2025-07-13 00:18:26.196218: train_cls_loss 0.0631 
2025-07-13 00:18:26.196301: train_ce_loss 0.0178 
2025-07-13 00:18:26.196377: train_dice_loss 0.1271 
2025-07-13 00:18:26.196459: train_dice_loss0 0.1212 
2025-07-13 00:18:26.196533: train_dice_loss1 0.1249 
2025-07-13 00:18:26.196606: train_dice_loss2 0.155 
2025-07-13 00:18:26.196678: train_dice_loss3 0.0 
2025-07-13 00:18:26.196753: train_fake_dice_loss 0.1211 
2025-07-13 00:18:26.196828: val_loss 0.5712 
2025-07-13 00:18:26.196901: val_seg_loss 0.1608 
2025-07-13 00:18:26.196972: val_cls_loss 0.4104 
2025-07-13 00:18:26.197043: val_ce_loss 0.0259 
2025-07-13 00:18:26.197114: val_dice_loss 0.1349 
2025-07-13 00:18:26.197186: val_dice_loss0 0.1347 
2025-07-13 00:18:26.197257: val_dice_loss1 0.135 
2025-07-13 00:18:26.197327: val_dice_loss2 0.1357 
2025-07-13 00:18:26.197397: val_dice_loss3 0.0 
2025-07-13 00:18:26.197476: val_fake_dice_loss 0.1325 
2025-07-13 00:18:26.197550: train Pseudo dice [0.8813] 
2025-07-13 00:18:26.197625: train deep_supervision dice0 0.8825 
2025-07-13 00:18:26.197698: train deep_supervision dice1 0.8813 
2025-07-13 00:18:26.197768: train deep_supervision dice2 0.8599 
2025-07-13 00:18:26.197838: train deep_supervision dice3 0.0 
2025-07-13 00:18:26.197909: val Pseudo dice [0.6408] 
2025-07-13 00:18:26.197981: val deep_supervision dice0 0.8667 
2025-07-13 00:18:26.198053: val deep_supervision dice1 0.8674 
2025-07-13 00:18:26.198124: val deep_supervision dice2 0.8709 
2025-07-13 00:18:26.198209: val deep_supervision dice3 0.0 
2025-07-13 00:18:26.198277: train_accuracy 0.9769 
2025-07-13 00:18:26.198345: train_sensitivity 0.98 
2025-07-13 00:18:26.198413: train_specificity 0.9711 
2025-07-13 00:18:26.198489: val_accuracy 0.8981 
2025-07-13 00:18:26.198562: val_sensitivity 0.66 
2025-07-13 00:18:26.198629: val_specificity 0.9312 
2025-07-13 00:18:26.198709: Epoch time: 708.67 s 
2025-07-13 00:18:26.395235: Yayy! New best val EMA pseudo Dice: 0.6401 
2025-07-13 00:18:36.152801:  
2025-07-13 00:18:36.153166: Epoch 13 
2025-07-13 00:18:36.153284: Current learning rate: 0.001 
2025-07-13 00:30:31.237994: train_loss 0.2014 
2025-07-13 00:30:31.238256: train_seg_loss 0.1412 
2025-07-13 00:30:31.238359: train_cls_loss 0.0601 
2025-07-13 00:30:31.238446: train_ce_loss 0.0173 
2025-07-13 00:30:31.238527: train_dice_loss 0.124 
2025-07-13 00:30:31.238601: train_dice_loss0 0.1183 
2025-07-13 00:30:31.238674: train_dice_loss1 0.1216 
2025-07-13 00:30:31.238745: train_dice_loss2 0.1514 
2025-07-13 00:30:31.238816: train_dice_loss3 0.0 
2025-07-13 00:30:31.238889: train_fake_dice_loss 0.1181 
2025-07-13 00:30:31.238961: val_loss 0.5813 
2025-07-13 00:30:31.239034: val_seg_loss 0.1602 
2025-07-13 00:30:31.239104: val_cls_loss 0.4211 
2025-07-13 00:30:31.239173: val_ce_loss 0.026 
2025-07-13 00:30:31.239244: val_dice_loss 0.1341 
2025-07-13 00:30:31.239314: val_dice_loss0 0.1338 
2025-07-13 00:30:31.239385: val_dice_loss1 0.1346 
2025-07-13 00:30:31.239463: val_dice_loss2 0.1345 
2025-07-13 00:30:31.239536: val_dice_loss3 0.0 
2025-07-13 00:30:31.239606: val_fake_dice_loss 0.1318 
2025-07-13 00:30:31.239680: train Pseudo dice [0.8834] 
2025-07-13 00:30:31.239757: train deep_supervision dice0 0.8853 
2025-07-13 00:30:31.239828: train deep_supervision dice1 0.8844 
2025-07-13 00:30:31.239902: train deep_supervision dice2 0.8629 
2025-07-13 00:30:31.239971: train deep_supervision dice3 0.0 
2025-07-13 00:30:31.240041: val Pseudo dice [0.6488] 
2025-07-13 00:30:31.240114: val deep_supervision dice0 0.8674 
2025-07-13 00:30:31.240184: val deep_supervision dice1 0.868 
2025-07-13 00:30:31.240255: val deep_supervision dice2 0.872 
2025-07-13 00:30:31.240324: val deep_supervision dice3 0.0 
2025-07-13 00:30:31.251567: train_accuracy 0.9779 
2025-07-13 00:30:31.251761: train_sensitivity 0.9802 
2025-07-13 00:30:31.251850: train_specificity 0.9738 
2025-07-13 00:30:31.251928: val_accuracy 0.8956 
2025-07-13 00:30:31.252001: val_sensitivity 0.6587 
2025-07-13 00:30:31.252073: val_specificity 0.9285 
2025-07-13 00:30:31.252157: Epoch time: 715.09 s 
2025-07-13 00:30:31.447005: Yayy! New best val EMA pseudo Dice: 0.641 
2025-07-13 00:30:41.120543:  
2025-07-13 00:30:41.120755: Epoch 14 
2025-07-13 00:30:41.120869: Current learning rate: 0.001 
2025-07-13 00:42:36.929428: train_loss 0.2046 
2025-07-13 00:42:36.929703: train_seg_loss 0.1442 
2025-07-13 00:42:36.929804: train_cls_loss 0.0604 
2025-07-13 00:42:36.929887: train_ce_loss 0.0176 
2025-07-13 00:42:36.929964: train_dice_loss 0.1266 
2025-07-13 00:42:36.930037: train_dice_loss0 0.1206 
2025-07-13 00:42:36.930108: train_dice_loss1 0.1243 
2025-07-13 00:42:36.930180: train_dice_loss2 0.1552 
2025-07-13 00:42:36.930253: train_dice_loss3 0.0 
2025-07-13 00:42:36.930325: train_fake_dice_loss 0.1208 
2025-07-13 00:42:36.930397: val_loss 0.5905 
2025-07-13 00:42:36.930478: val_seg_loss 0.1624 
2025-07-13 00:42:36.930551: val_cls_loss 0.4281 
2025-07-13 00:42:36.930621: val_ce_loss 0.0264 
2025-07-13 00:42:36.930691: val_dice_loss 0.1361 
2025-07-13 00:42:36.930760: val_dice_loss0 0.1361 
2025-07-13 00:42:36.930830: val_dice_loss1 0.1362 
2025-07-13 00:42:36.930901: val_dice_loss2 0.1356 
2025-07-13 00:42:36.930973: val_dice_loss3 0.0 
2025-07-13 00:42:36.931042: val_fake_dice_loss 0.1341 
2025-07-13 00:42:36.931116: train Pseudo dice [0.8815] 
2025-07-13 00:42:36.931190: train deep_supervision dice0 0.8829 
2025-07-13 00:42:36.931262: train deep_supervision dice1 0.8817 
2025-07-13 00:42:36.931333: train deep_supervision dice2 0.8593 
2025-07-13 00:42:36.931401: train deep_supervision dice3 0.0 
2025-07-13 00:42:36.931480: val Pseudo dice [0.645] 
2025-07-13 00:42:36.931555: val deep_supervision dice0 0.8651 
2025-07-13 00:42:36.931626: val deep_supervision dice1 0.8658 
2025-07-13 00:42:36.931696: val deep_supervision dice2 0.8692 
2025-07-13 00:42:36.931764: val deep_supervision dice3 0.0 
2025-07-13 00:42:36.931833: train_accuracy 0.9779 
2025-07-13 00:42:36.931902: train_sensitivity 0.9802 
2025-07-13 00:42:36.931972: train_specificity 0.9736 
2025-07-13 00:42:36.932041: val_accuracy 0.8932 
2025-07-13 00:42:36.932111: val_sensitivity 0.6661 
2025-07-13 00:42:36.932179: val_specificity 0.9248 
2025-07-13 00:42:36.932260: Epoch time: 715.81 s 
2025-07-13 00:42:37.143038: Yayy! New best val EMA pseudo Dice: 0.6414 
2025-07-13 00:42:46.737506:  
2025-07-13 00:42:46.737714: Epoch 15 
2025-07-13 00:42:46.737828: Current learning rate: 0.001 
2025-07-13 00:54:34.121798: train_loss 0.2062 
2025-07-13 00:54:34.122089: train_seg_loss 0.1454 
2025-07-13 00:54:34.122196: train_cls_loss 0.0608 
2025-07-13 00:54:34.122283: train_ce_loss 0.0179 
2025-07-13 00:54:34.122365: train_dice_loss 0.1275 
2025-07-13 00:54:34.122451: train_dice_loss0 0.1217 
2025-07-13 00:54:34.122534: train_dice_loss1 0.1253 
2025-07-13 00:54:34.122612: train_dice_loss2 0.1553 
2025-07-13 00:54:34.122688: train_dice_loss3 0.0 
2025-07-13 00:54:34.122767: train_fake_dice_loss 0.1216 
2025-07-13 00:54:34.122847: val_loss 0.5869 
2025-07-13 00:54:34.122925: val_seg_loss 0.1618 
2025-07-13 00:54:34.123004: val_cls_loss 0.4251 
2025-07-13 00:54:34.123081: val_ce_loss 0.0249 
2025-07-13 00:54:34.123157: val_dice_loss 0.1369 
2025-07-13 00:54:34.123232: val_dice_loss0 0.1361 
2025-07-13 00:54:34.123308: val_dice_loss1 0.1375 
2025-07-13 00:54:34.123384: val_dice_loss2 0.139 
2025-07-13 00:54:34.123466: val_dice_loss3 0.0 
2025-07-13 00:54:34.123542: val_fake_dice_loss 0.1343 
2025-07-13 00:54:34.123620: train Pseudo dice [0.8805] 
2025-07-13 00:54:34.123702: train deep_supervision dice0 0.882 
2025-07-13 00:54:34.123779: train deep_supervision dice1 0.8808 
2025-07-13 00:54:34.123856: train deep_supervision dice2 0.8594 
2025-07-13 00:54:34.123931: train deep_supervision dice3 0.0 
2025-07-13 00:54:34.124008: val Pseudo dice [0.6387] 
2025-07-13 00:54:34.124088: val deep_supervision dice0 0.8651 
2025-07-13 00:54:34.124165: val deep_supervision dice1 0.8651 
2025-07-13 00:54:34.124241: val deep_supervision dice2 0.8693 
2025-07-13 00:54:34.124316: val deep_supervision dice3 0.0 
2025-07-13 00:54:34.124390: train_accuracy 0.9775 
2025-07-13 00:54:34.124473: train_sensitivity 0.9798 
2025-07-13 00:54:34.124549: train_specificity 0.9734 
2025-07-13 00:54:34.124623: val_accuracy 0.8955 
2025-07-13 00:54:34.124697: val_sensitivity 0.6727 
2025-07-13 00:54:34.124772: val_specificity 0.9266 
2025-07-13 00:54:34.124859: Epoch time: 707.39 s 
2025-07-13 00:54:45.072356:  
2025-07-13 00:54:45.072571: Epoch 16 
2025-07-13 00:54:45.073025: Current learning rate: 0.001 
2025-07-13 01:06:41.668458: train_loss 0.1989 
2025-07-13 01:06:41.668718: train_seg_loss 0.142 
2025-07-13 01:06:41.668819: train_cls_loss 0.0569 
2025-07-13 01:06:41.668901: train_ce_loss 0.0171 
2025-07-13 01:06:41.668978: train_dice_loss 0.1248 
2025-07-13 01:06:41.669052: train_dice_loss0 0.119 
2025-07-13 01:06:41.669126: train_dice_loss1 0.1226 
2025-07-13 01:06:41.669198: train_dice_loss2 0.1525 
2025-07-13 01:06:41.669270: train_dice_loss3 0.0 
2025-07-13 01:06:41.669344: train_fake_dice_loss 0.119 
2025-07-13 01:06:41.690012: val_loss 0.6348 
2025-07-13 01:06:41.690164: val_seg_loss 0.1585 
2025-07-13 01:06:41.690248: val_cls_loss 0.4762 
2025-07-13 01:06:41.690326: val_ce_loss 0.0247 
2025-07-13 01:06:41.690402: val_dice_loss 0.1338 
2025-07-13 01:06:41.690496: val_dice_loss0 0.1334 
2025-07-13 01:06:41.690570: val_dice_loss1 0.1343 
2025-07-13 01:06:41.690642: val_dice_loss2 0.1346 
2025-07-13 01:06:41.690713: val_dice_loss3 0.0 
2025-07-13 01:06:41.690784: val_fake_dice_loss 0.1312 
2025-07-13 01:06:41.690857: train Pseudo dice [0.8825] 
2025-07-13 01:06:41.690934: train deep_supervision dice0 0.8846 
2025-07-13 01:06:41.691006: train deep_supervision dice1 0.8834 
2025-07-13 01:06:41.691078: train deep_supervision dice2 0.8619 
2025-07-13 01:06:41.691148: train deep_supervision dice3 0.0 
2025-07-13 01:06:41.691220: val Pseudo dice [0.6496] 
2025-07-13 01:06:41.691293: val deep_supervision dice0 0.868 
2025-07-13 01:06:41.691364: val deep_supervision dice1 0.8684 
2025-07-13 01:06:41.691445: val deep_supervision dice2 0.8728 
2025-07-13 01:06:41.691517: val deep_supervision dice3 0.0 
2025-07-13 01:06:41.691587: train_accuracy 0.9795 
2025-07-13 01:06:41.691658: train_sensitivity 0.9816 
2025-07-13 01:06:41.691727: train_specificity 0.9756 
2025-07-13 01:06:41.691795: val_accuracy 0.8929 
2025-07-13 01:06:41.691864: val_sensitivity 0.6936 
2025-07-13 01:06:41.691932: val_specificity 0.9203 
2025-07-13 01:06:41.692015: Epoch time: 716.6 s 
2025-07-13 01:06:41.898659: Yayy! New best val EMA pseudo Dice: 0.642 
2025-07-13 01:06:51.610077:  
2025-07-13 01:06:51.610285: Epoch 17 
2025-07-13 01:06:51.610403: Current learning rate: 0.001 
2025-07-13 01:18:43.471119: train_loss 0.1967 
2025-07-13 01:18:43.471663: train_seg_loss 0.1406 
2025-07-13 01:18:43.471916: train_cls_loss 0.0562 
